1.601855
1.700639
1.798398
1.893116
1.983826
2.069604
2.149576
2.222925
2.288904
2.346842
2.396146
2.436314
2.466937
2.487703
2.498400
2.498919
2.489255
2.469506
2.439873
2.400659
2.352263
2.295179
2.229988
2.157356
2.078023
1.992796
1.902547
1.808193
1.710698
1.611054
1.510279
1.409399
1.309442
1.211428
1.116356
1.025195
0.938874
0.858273
0.784215
0.717453
0.658669
0.608462
0.567344
0.535733
0.513953
0.502224
0.500667
0.509298
0.528029
0.556668
0.594924
0.642406
0.698631
0.763026
0.834933
0.913621
0.998286
1.088066
1.182045
1.279266
1.378736
1.479443
1.580360
1.680458
1.778715
1.874132
1.965734
2.052589
2.133810
2.208570
2.276106
2.335731
2.386836
2.428900
2.461495
2.484287
2.497046
2.499640
2.492044
2.474334
2.446692
2.409399
2.362835
2.307475
2.243883
2.172708
2.094674
2.010579
1.921279
1.827684
1.730748
1.631460
1.530832
1.429890
1.329662
1.231171
1.135420
1.043386
0.956008
0.874560
